10
00 15 16 19 23 20 32 18 13 34
15 00 33 13 34 19 20 12 11 19
16 33 00 13 29 21 20 19 18 56
19 13 13 00 22 30 21 11 00 00   
23 34 29 22 00 34 23 21 09 01
20 19 21 30 34 00 17 18 20 20
32 20 20 21 23 17 00 14 17 13
18 12 19 11 21 18 14 00 00 15
13 11 18 00 09 20 17 00 00 00
34 19 56 00 01 20 13 15 00 00